37.4605777535669,126.697956704969
37.4611712623994,126.700298009427
37.4607234986166,126.700064241916
37.4605424848545,126.700739074447
37.4611490671077,126.700748186177
37.4616083012205,126.700744208427
37.4613647331962,126.700094459626
37.461559754476,126.699685637745
37.4615234925822,126.699067275826
37.4611606574488,126.69910309125
37.4609520126539,126.699574811867
37.4611909318532,126.699634553504
37.4608049415294,126.699919011948
37.4606627550239,126.69966786246
37.4600121623444,126.698651621381
37.4592085320741,126.698431729453
37.462136495275,126.700290992012
37.4620640107441,126.700593755111
37.4623817238685,126.700742934564
37.4639484086102,126.707549190981
37.4612738538079,126.710402786706
37.4611432410358,126.710894860933
37.4612444299157,126.712337084117
37.461580331459,126.710126938535
37.4614088906828,126.711387218905
37.4622629277001,126.712447005906
37.4624041643981,126.711579618029
37.4621349458167,126.709667469269
37.4624244002572,126.710165163043
37.4626312793034,126.711936947038
37.462997784931,126.711631254807
37.4628221762258,126.71218477475
37.4628535249938,126.712737613377
37.4629544573721,126.713896950235
37.4631208409099,126.709159074862
37.4610515248894,126.714455111681
37.4608613276702,126.712969825821
37.4608665512517,126.711673461511
37.4631208409099,126.709159074862
37.4637176673226,126.709524690574
37.4632701152429,126.711207123021
37.4628848519408,126.711985708891
37.4631407719397,126.709789725714
37.4637638638339,126.710505765573
37.4636748463014,126.710801015821
37.4620871618569,126.71494738448
37.4625378671778,126.716003773614
37.4609719388369,126.718235152712
37.4657274710334,126.705924015094
37.4660878039796,126.708952590844
37.4652372119713,126.708643793436
37.4649676407301,126.711143736394
37.4645744071683,126.712274929698
37.463842180289,126.713508119086
37.4630124523597,126.715152644711
37.4626944649777,126.715517817427
37.4623129781721,126.716380118061
37.4620871618569,126.71494738448
37.4618427707063,126.715268192123
37.4616238689185,126.715510683379
37.4612798572705,126.715920028317
37.4609018769346,126.716142093501
37.4613213972979,126.717952733375
37.4607872680268,126.716930686162
37.461052317238,126.715306341903
37.4613716017753,126.720653648129
37.4620843453701,126.721207001685
37.4613212412907,126.721343098465
37.4617196879508,126.721695860853
37.4643417403719,126.726725945031
37.4637148830341,126.721772676483
37.4652374918741,126.721464208358
37.465403943863,126.721823614134
37.4658394587372,126.711181527945
37.4680318469418,126.708452195132
37.4679931142307,126.706636228813
37.4679895762643,126.707608056078
37.4677314825572,126.707517046239
37.4686446703636,126.708325582019
37.4688472832851,126.708279464839
37.4696686395693,126.708899595019
37.4697952374609,126.708902156273
37.468751159041,126.708650051402
37.4685111203267,126.709121349863
37.4679202799423,126.708881731647
37.4675391003283,126.708567714241
37.4671982489265,126.709043013315
37.4673069277958,126.709233064476
37.4670677374375,126.709207539598
37.4669744442432,126.709338235467
37.4668913379004,126.709544514914
37.4668792537018,126.709723502926
37.4666890249485,126.710043234618
37.4673518308829,126.710862136704
37.4676708730869,126.71100752151
37.4679999740658,126.709669092413
37.4687798933379,126.710259208527
37.4690749157427,126.710713744731
37.4687309499416,126.711429835558
37.4675264560851,126.711197759075
37.4666798589173,126.710641246498
37.4669028355763,126.710815937235
37.4673165599665,126.711656378497
37.4669035078331,126.711496431658
37.4663024601546,126.711354956429
37.4659279542166,126.711557151575
37.4662030297515,126.711556207793
37.4663440363312,126.712035966765
37.4665751979321,126.712316659968
37.4667833311476,126.712835390557
37.4662030616547,126.71319808926
37.4655040504295,126.71245290493
37.464642760491,126.714080191343
37.4653668261212,126.713863115691
37.4655705360479,126.713339315413
37.466845186258,126.713708382466
37.4674832294647,126.713278657183
37.4676698919017,126.713082158083
37.4681133965035,126.712204619873
37.4686053240826,126.70921424444
37.4687398435533,126.709213836421
37.4689562855706,126.709258554137
37.4697033626291,126.709426017373
37.4698288731829,126.710049646209
37.4697062774632,126.710319615653
37.4695374890768,126.71063848398
37.4692424476929,126.71094879356
37.4692580031046,126.710604404945
37.4694511767327,126.711340136737
37.4692303730717,126.713018429043
37.4683676073221,126.712589795361
37.4670508335601,126.713984206151
37.4666902289465,126.71401270932
37.4658081199673,126.714749232182
37.4658081199673,126.714749232182
37.465497713515,126.715081610705
37.4651947924579,126.715267688471
37.4655851860414,126.715748651547
37.46614570172,126.715935303254
37.46614570172,126.715935303254
37.46614570172,126.715935303254
37.4660575633818,126.71648986259
37.4658788486605,126.716884587372
37.4654965158461,126.717849445751
37.4650133666203,126.718404123152
37.4649495780436,126.719124630646
37.4649495780436,126.719124630646
37.4650161309656,126.718278642216
37.464991563637,126.717611818991
37.4653799923286,126.716296867037
37.4650397274138,126.715791070698
37.46449561492,126.715868751269
37.4668887082669,126.714305403417
37.469829897741,126.711314489065
37.4701103564199,126.710677989058
37.4709228666272,126.710670448648
37.4709451828888,126.710180762765
37.4705085982402,126.711044754094
37.4711529499532,126.711172163297
37.4746605949659,126.710372056325
37.4754284615479,126.710383676875
37.4751785307798,126.710203419232
37.4746940882449,126.709848048276
37.4744598006416,126.709544169189
37.4759583234625,126.710191703134
37.4768609411236,126.71084924648
37.4774384657882,126.710877659296
37.4786846911462,126.711190096251
37.4781291875197,126.711397770432
37.4768405942513,126.711334780196
37.4660990137353,126.689326415555
37.4673171687704,126.687751136932
37.4666305394582,126.690433127685
37.469271675088,126.691851098618
37.469271675088,126.691851098618
37.4691306076415,126.692243031415
37.4690669572616,126.692712645143
37.4682492754899,126.691702802566
37.4679806276654,126.691784390965
37.4673184382392,126.691769475359
37.467024431961,126.691628478753
37.4666255521378,126.691419977826
37.4663269506485,126.69124463908
37.4666734923249,126.697344944968
37.4669336522991,126.697958830403
37.4678109818963,126.697543267318
37.4679975497679,126.69710911654
37.4678788655125,126.699252509926
37.466433625773,126.69723230812
37.465929001232,126.697314373944
37.4653582450834,126.697362228894
37.4653582450834,126.697362228894
37.465419256093,126.698318615947
37.4662308407353,126.700924505473
37.4672471986903,126.70136029474
37.467648052544,126.701501131149
37.4674170074354,126.700600215746
37.466075442491,126.700472180859
37.4660459583075,126.699399341319
37.4663301452102,126.699225819791
37.4668075556229,126.69956675504
37.4669185816149,126.700178418895
37.4684025218373,126.703563288337
37.4682942005539,126.704058498475
37.4682710456608,126.704274837975
37.4685372417753,126.704830746374
37.4693481308512,126.705943857988
37.4682749390211,126.707249620693
37.4685323724748,126.707292250936
37.4688817934321,126.70733271417
37.4653226316753,126.705122020935
37.4654805763603,126.705590957184
37.4655532421781,126.706043160645
37.4651703468384,126.702814408757
37.4654039292953,126.703907570193
37.4653217572499,126.704339356373
37.4658807606634,126.706007740882
37.4658807606634,126.706007740882
37.4666356132799,126.705821887938
37.4658136080136,126.704263492799
37.4656829562718,126.703649874625
37.4661044425207,126.703001745758
37.4658263472297,126.703271084392
37.4663188358926,126.703629165454
37.4663978540176,126.70402448859
37.4672824206886,126.703252895016
37.4670050106912,126.705598430883
37.4668839224898,126.706361808143
37.4633718610186,126.699259712069
37.4633708615195,126.698196178987
37.464385798051,126.694739315722
37.4642001586439,126.69827027472
37.4642457954418,126.698394091085
37.4640684990982,126.699924619924
37.4636843554638,126.699269424762
37.4638058850224,126.696865029632
37.4644392938945,126.700753610788
37.4644392938945,126.700753610788
37.4641240653846,126.700731581907
37.4626181638928,126.698727746167
37.4485004668002,126.71723352525
37.4482008088294,126.716601677185
37.4484131003701,126.713877297929
37.4488053844616,126.712756305628
37.4487545896115,126.713396374135
37.443701138307,126.709908783494
37.4439174518983,126.709131040523
37.4437867742227,126.707366414914
37.444193236718,126.708028737358
37.4443914110173,126.708009208371
37.4443914110173,126.708009208371
37.4446044882865,126.708405821741
37.4450764326939,126.708659384889
37.4451104483474,126.707802663214
37.4453628732586,126.707604936442
37.4455846170234,126.708117239544
37.4456145441048,126.708487787308
37.4454589642067,126.708790232888
37.4459925165787,126.709035539159
37.4464540826366,126.708551204959
37.4468192266916,126.708317554701
37.4468192266916,126.708317554701
37.4467277243172,126.708078443876
37.4472021139974,126.70789906234
37.4477535490579,126.70805151676
37.4485711789174,126.708109252702
37.4479469196937,126.708531626408
37.4479469196937,126.708531626408
37.4474199555705,126.708473662497
37.4470856121664,126.708701770006
37.4468192266916,126.708317554701
37.4476204211916,126.708652571058
37.4484792054315,126.708774683523
37.4517103889771,126.710673717869
37.4522117014078,126.710485760544
37.4515766931847,126.710421980439
37.4513835974761,126.710381473979
37.4506222344548,126.710598459533
37.4501937008134,126.710556373953
37.450122252579,126.710336497756
37.4507622789976,126.709397925954
37.4503668252884,126.710352167818
37.4503668252884,126.710352167818
37.4502730011427,126.709166331103
37.4510744836503,126.711237741383
37.4516335849021,126.711284528216
37.4521652394162,126.711566722981
37.4523568016263,126.712124067709
37.4517570573539,126.712037083079
37.4504526300097,126.712133964373
37.4507992629179,126.711216422352
37.4510511982872,126.712145006414
37.4510364416585,126.712449300667
37.4510270745611,126.712635925078
37.449981603829,126.712032135607
37.4502444492474,126.712521723097
37.4508835003848,126.713694749249
37.4514745630701,126.71373182609
37.4514856500977,126.713547793511
37.4519824243947,126.713641624423
37.452221616487,126.71329634892
37.4506457770988,126.713642425269
37.4506143024674,126.713221564897
37.4499259699677,126.713907135182
37.4508292761553,126.715118495197
37.4511029253667,126.714936745462
37.4516673807386,126.714738519873
37.4518258205882,126.714756000855
37.4521908738197,126.714965052699
37.4519199611886,126.715198104251
37.4502548436845,126.715364445534
37.4507227901388,126.716135130171
37.4504299357092,126.716349495345
37.4500090503121,126.716114659372
37.4495728949101,126.715412799806
37.4503167564336,126.715594534327
37.4503058094451,126.717454114771
37.4499915765523,126.717508413212
37.4498697962233,126.71677066535
37.4503229620836,126.716865697128
37.4500524580025,126.717647982619
37.4499578772145,126.718149328657
37.4503521381725,126.718178137285
37.451905648685,126.718324203519
37.4511502373912,126.717492076326
37.4514341542193,126.711564557486
37.4509995640823,126.712994515288
37.45023541777,126.713069085857
37.4501961130492,126.711174100407
37.4502444492474,126.712521723097
37.4506382571907,126.717707486934
37.4498692378996,126.714441793221
37.4498726109824,126.715878750211
37.4479407179548,126.717819672133
37.4600614450189,126.721570327637
37.4585251306216,126.721263278566
37.4591556006089,126.721124740043
37.4595444007913,126.721283683382
37.4601313993029,126.721356217014
37.4598387686075,126.720447873436
37.4597332171879,126.720543888563
37.4600257977879,126.719488690932
37.4599042564983,126.719263087233
37.4595129353049,126.719409452389
37.4590886725278,126.718736714786
37.459751720031,126.718848051227
37.4602595157408,126.71891826279
37.4605898206248,126.718953987193
37.4598109116421,126.71831636861
37.4604363696715,126.717815900776
37.4598689228922,126.717857367114
37.4592730912594,126.717897583091
37.4588897493984,126.717875626462
37.458251698184,126.717931710968
37.4577907336108,126.718003857301
37.4572938489561,126.718050933013
37.4565548924497,126.717695195651
37.4569755127469,126.717066781023
37.4566378686451,126.716563062087
37.4566930983294,126.716186709732
37.4567428676542,126.715750813795
37.457747963923,126.715534408474
37.4577487412497,126.715932481698
37.4577777080685,126.71647625154
37.4579498485829,126.71713533388
37.4569842198632,126.717731332017
37.4574473509179,126.716682074238
37.4572305779529,126.716048031573
37.457175851229,126.715733464589
37.4580435194417,126.716144081708
37.4582004937601,126.716677424547
37.4584221770109,126.717256301735
37.4572852186509,126.717455437168
37.4579885164865,126.717518120211
37.4585312187452,126.717490534798
37.458980010258,126.717263921843
37.4594213958289,126.71744434834
37.4602735272593,126.717388583369
37.46040722476,126.716593369042
37.4600687922433,126.716850883259
37.4567428676542,126.715750813795
37.458825578274,126.71688800958
37.4595220312476,126.714890321949
37.4603741514006,126.715091896247
37.4593380615301,126.715158670694
37.4598860438643,126.715902469324
37.4604008296483,126.715956245353
37.4599618297692,126.715644815731
37.4596323456906,126.716100776759
37.4596317997156,126.716624100488
37.4529618874579,126.703474034552
37.4522814113767,126.706383866014
37.4524604996256,126.706407012695
37.4539642383377,126.70292679093
37.4530668177567,126.702777652253
37.4513452280499,126.703447415749
37.4508834115072,126.702925752322
37.4541027845267,126.702056214384
37.4538541665598,126.69873928125
37.4548287788426,126.697535991551
37.4548628454717,126.697962057348
37.454426557524,126.698201494033
37.4550503645981,126.69509225275
37.4548769228549,126.69523299015
37.4545221209348,126.695204140276
37.4540650977495,126.69568158305
37.4548287788426,126.697535991551
37.4549543343098,126.695623277794
37.4552592184716,126.695476583176
37.4536905263707,126.694764817709
37.4539521557281,126.695174468573
37.45355530015,126.695434328092
37.4536136921127,126.696242066482
37.4535251557908,126.697308421578
37.4527886483841,126.699453421444
37.4530343927143,126.699468712821
37.4530404235136,126.698723218849
37.4525747921519,126.698656710712
37.4519631312341,126.698599717667
37.4520420386252,126.69753342502
37.4526005602427,126.697281406658
37.453144574479,126.697345669145
37.4530377519057,126.696832882729
37.4531163891774,126.697915509387
37.4531036021786,126.698129957029
37.4513930682336,126.698037377097
37.4515030155583,126.698576248222
37.4515180787717,126.698971518378
37.4517637442709,126.698849719188
37.4516849654767,126.697778865292
37.4509930060227,126.696975962545
37.4509341073525,126.696705641518
37.450815463622,126.696959048378
37.450789172539,126.697916505185
37.4516435755364,126.695274476191
37.4519087348304,126.696076158563
37.451132771729,126.695231342097
37.4511252382509,126.694651489726
37.4516467711509,126.694976439075
37.452040484044,126.694721117263
37.4520612110227,126.69626122855
37.4508767571889,126.696161591822
37.4506508837713,126.695395360499
37.4506760055206,126.69503960073
37.4509781114002,126.693957947464
37.4510523707025,126.692887388467
37.4511895306511,126.69369601991
37.4511625891955,126.694252279695
37.4524533339609,126.694514651531
37.4532350488726,126.694548994526
37.4530256424092,126.695032886893
37.4528374049452,126.694782185757
37.4481505401245,126.698189640261
37.448137086685,126.697825911603
37.4484615523423,126.697231973806
37.4489572486829,126.697850187685
37.448435281731,126.696860497744
37.4484485398128,126.696725169413
37.44920230371,126.696576340114
37.4497008710962,126.698104189353
37.4484724341293,126.699023050749
37.4482733952345,126.69873792957
37.4477207388858,126.69892401377
37.449815191636,126.695883238446
37.4489523879673,126.69511542224
37.4483092339754,126.695460004703
37.4482754438782,126.695704020049
37.4493068858345,126.694363578256
37.4493662759936,126.693846641511
37.4499426710479,126.693540963434
37.4500631058266,126.693077905912
37.4500925686203,126.69534134341
37.4500563886591,126.695706864313
37.447982225652,126.69474924892
37.4484907977611,126.694068434742
37.4485352020929,126.693401824043
37.4479336807676,126.694268811332
37.4474972598511,126.694767944876
37.4470505591095,126.694950348817
37.4467450694861,126.695106750537
37.4468161640964,126.696298481993
37.4469427200723,126.697127119583
37.4459524225205,126.696355991186
37.4458181975878,126.696471236361
37.4456293933373,126.696876000263
37.4459992391755,126.697149682285
37.445781982566,126.697633439269
37.4450345316442,126.698137856779
37.4457189013579,126.698228677381
37.445988755087,126.698264321064
37.4465592856527,126.697598555564
37.4493871850121,126.704107682398
37.4493825709843,126.702413522989
37.4495070076232,126.702344770103
37.4494015938184,126.703421749688
37.4490267500224,126.704239405405
37.4494305037671,126.70427974367
37.4491109390709,126.705227029888
37.4490638001837,126.705907776167
37.4492231920679,126.706380110534
37.4489632925486,126.706542168952
37.4483822786083,126.706307566463
37.4484960589056,126.706844944123
37.4484091737186,126.706180662392
37.4487254530076,126.706009342346
37.4487220746864,126.705882782133
37.4487526063116,126.705335119274
37.4487747417444,126.704998256481
37.4483766819447,126.704640217076
37.4480025354029,126.70393729105
37.4474773918422,126.703887601894
37.4474617102783,126.704209855476
37.4473320047177,126.704225848498
37.4464706525404,126.704663983576
37.4463460814545,126.704139097134
37.4462175532646,126.70412152195
37.4455997820354,126.704214360608
37.4470208691328,126.703859453724
37.4479238002842,126.705529471311
37.4475001366593,126.706214052265
37.4473410656848,126.705726132436
37.4473006361402,126.706533746214
37.4466329447678,126.70629914871
37.446437931843,126.706249170208
37.4456678705456,126.705212964929
37.4454428226917,126.705801484614
37.4444843479051,126.705665223622
37.4447798044664,126.704984560762
37.4445523023794,126.703976878002
37.4441652274289,126.704264644996
37.4449980119757,126.704400591016
37.4456409623705,126.704973042879
37.4459500218312,126.704941995217
37.446372847632,126.705006670656
37.4470414619302,126.704779721603
37.4473505021732,126.704849251439
37.4452312393143,126.706225749362
37.4550155137536,126.721988791369
37.4552167246341,126.721650789514
37.4545579214134,126.722845826664
37.4538403489864,126.723380910462
37.4539229767426,126.723498598898
37.4540624018278,126.723862010277
37.4531816561969,126.724360383344
37.453065565119,126.724342839406
37.4525785221178,126.724284162233
37.4526067166115,126.7238951642
37.4525114472247,126.7232648754
37.4526034057378,126.722980861736
37.4532735912231,126.722833047791
37.4538302490882,126.722493290755
37.4538748785753,126.722659377975
37.4532829510987,126.721640098788
37.4532188624232,126.721820036186
37.4527475277876,126.72173667913
37.4526299396416,126.721963715657
37.4518836678118,126.723360992148
37.4517511870851,126.72500734076
37.4521353373872,126.725532481457
37.4523267277022,126.725384068298
37.4526952082721,126.725292419748
37.453097016554,126.72511916193
37.4528528533701,126.724891419519
37.4525114472247,126.7232648754
37.4517802813501,126.724462154981
37.4511008332839,126.724386666466
37.4509396132455,126.724374148203
37.4494182378809,126.724985141327
37.4500703605285,126.725127524987
37.450509932317,126.725346521315
37.4502342146273,126.725614469205
37.4497266430882,126.725639490909
37.4492723844532,126.725536500007
37.4489489187896,126.72728688751
37.4496551074504,126.72657459942
37.4494313860052,126.726263045455
37.4497697856787,126.725943339983
37.4496434971739,126.725918824733
37.4507833076692,126.725971286655
37.4510086709575,126.725863551897
37.451048619748,126.72568405044
37.4508409690749,126.725271285996
37.4514323139984,126.725741756696
37.4517293997833,126.725635001522
37.4512802895775,126.724028425756
37.4512984139427,126.723610313298
37.4513386526312,126.722441354038
37.4510883033388,126.722305643211
37.4511135986574,126.722027531243
37.4507925622275,126.72340739105
37.4501094388678,126.723918243836
37.4504944996351,126.722980727864
37.4502336785919,126.722951514861
37.4500705948342,126.721953637054
37.4497493581387,126.721865884349
37.4497723775765,126.722229250908
37.4495475857602,126.721850583506
37.4494237116998,126.722201721781
37.4493262876486,126.723998648861
37.4521026701616,126.723924706141
37.4516385815624,126.721208931878
37.4515292676606,126.719828278956
37.4511926956698,126.71958157774
37.4511568281901,126.720491374947
37.4511067997449,126.72135952106
37.4503119139025,126.721315342493
37.4506187027631,126.721313074202
37.450622319569,126.720288693813
37.4503085670203,126.719671560199
37.4501703226131,126.719659192465
37.4499656092955,126.720456478396
37.4500745217541,126.721249205829
37.4479438832939,126.719945959509
37.4476934201723,126.719953560782
37.4477610553383,126.719484653775
37.4479702481043,126.719399453535
37.4487697847547,126.719504619776
37.4486107424154,126.719612687874
37.44846862905,126.721087681269
37.4484618991112,126.722362251564
37.4484019714713,126.722933746446
37.4482632458942,126.726349913155
37.4516521796166,126.726566539146
37.4516207659772,126.727086981037
37.4516001115771,126.727429156655
37.4528746155382,126.730109394555
37.4528572310379,126.730308934277
37.4543209140021,126.730226146781
37.4536516251302,126.730218152852
37.454456828675,126.730560651919
37.4542306879648,126.730843109846
37.4538490670292,126.731061701372
37.4534390230002,126.730708176374
37.4531532769879,126.730929926389
37.4531290586583,126.731215385331
37.4538753204544,126.731552226371
37.4543044564327,126.732141111492
37.4536135894424,126.731716474855
37.4539265993627,126.732391554844
37.4530702017629,126.732437100986
37.4532031375435,126.733649997332
37.4528733777766,126.734094650498
37.4526750798378,126.733581007506
37.4523275566737,126.73341972096
37.4519330148443,126.733304713755
37.4522261905863,126.733219022863
37.452463621902,126.732428524988
37.4499692718473,126.730094517851
37.4499584564491,126.73044840328
37.4492256018424,126.730579189392
37.449395872897,126.73167932605
37.4489945264554,126.735058137297
37.4488726207683,126.735460890989
37.4505353026657,126.732997077153
37.4510104123254,126.732681092311
37.4512056449455,126.733112343931
37.4511562565639,126.732508789406
37.4518786070698,126.733470363538
37.4514472907172,126.733469294555
37.451620045464,126.733562937285
37.4513585668203,126.734441321197
37.4514102130928,126.734289131948
37.4514271505575,126.73501079308
37.4517993376789,126.734319400175
37.4519898572711,126.734419989538
37.4523624252286,126.734620521609
37.4522745266625,126.734999779531
37.4519000032145,126.734931369408
37.4526390271988,126.735340033872
37.452639097195,126.734768388782
37.4528473136758,126.734644802696
37.4541678762041,126.730838136
37.4517803482269,126.734008671507
37.4531700355909,126.734876707284
37.4531609145131,126.734265647128
37.4512236327364,126.726711064082
37.4514138424582,126.727259856338
37.4509492089142,126.727501927081
37.4510898607786,126.726879152907
37.4503879390516,126.727059363832
37.4502575534409,126.727758492334
37.4502575534409,126.727758492334
37.4513623759678,126.727877110679
37.4515526706259,126.728386802963
37.4515272794087,126.728983055609
37.4513522865564,126.729644604593
37.4510647983973,126.729537144324
37.4507731196483,126.729567126374
37.4496831605818,126.729407067574
37.4495562879373,126.729127251567
37.4497535068278,126.728886047495
37.4500294078792,126.72853775969
37.4500551874032,126.72807204862
37.4504852002378,126.728133102168
37.4507984186158,126.72924381189
37.4508687674069,126.728175224874
37.4506839864265,126.728574384414
37.4511678238453,126.729279097511
37.4580188096494,126.731042927009
37.458019067835,126.72937997389
37.4582160788742,126.729087316929
37.4584850102104,126.729078547935
37.4583373316891,126.729352491845
37.4580945011156,126.729663736799
37.4587585631769,126.729435292018
37.4587833092218,126.729224746229
37.4591131432513,126.729607059906
37.4591772797772,126.730073294653
37.4588015434531,126.730106066752
37.4599297669518,126.729584565512
37.4602335265746,126.729125250577
37.459541569432,126.731383226982
37.4623552522351,126.735019479697
37.4629014047759,126.734680712787
37.4632219186074,126.734731914927
37.4629272392097,126.735876402313
37.4622299701779,126.735523707193
37.4630459530574,126.735174498053
37.4632769600588,126.734847806359
37.4634969528018,126.734832787164
37.4656984135336,126.736495595082
37.46541953899,126.736288133246
37.4653811090777,126.737116265297
37.4652065139462,126.737328029514
37.4650519907197,126.737652420119
37.4651324732363,126.737987405957
37.4656258475577,126.737776112627
37.4654153328113,126.738857031338
37.4659259754271,126.739242749347
37.4661582697194,126.740067122284
37.4660113930862,126.73961140903
37.4664387726956,126.73942115206
37.4665076146013,126.739791341418
37.4667336042004,126.739962603796
37.4658291922974,126.739603789182
37.4651613747266,126.738832707442
37.4644364677073,126.738771476841
37.4643266125525,126.73876145978
37.462768974227,126.741230551153
37.4625694171503,126.73723654261
37.4626029270596,126.738370145958
37.4609895578513,126.725491418315
37.4621949736836,126.726054659914
37.4631000703219,126.726535707101
37.4638423899911,126.727032956436
37.4637029718894,126.727058104829
37.4612273449825,126.72674010524
37.4615485413761,126.726617427681
37.4621459644784,126.726913544696
37.4631693314794,126.72695288863
37.4635027627971,126.727251103944
37.4635808392999,126.72750673023
37.4638253420687,126.727454185993
37.4639787423901,126.727514328966
37.4642214220702,126.727608963142
37.4646414922283,126.727539391488
37.4639632288154,126.728172361922
37.4635544412742,126.728250818262
37.4637571004707,126.728103817915
37.4632907651643,126.728272231712
37.4629368854637,126.728092319755
37.462096781898,126.728600728799
37.4611750620852,126.722093261018
37.4610338945939,126.723292359565
37.4609350823607,126.723266048503
37.4607325278961,126.724806152085
37.4611981452725,126.724989251083
37.4614690531815,126.725598401467
37.4621368581182,126.725743694202
37.4632518565684,126.725898886403
37.4639986955805,126.726440084591
37.4644273286115,126.726255518119
37.4641632109123,126.726825726758
37.462888122173,126.726366702903
37.4620521989558,126.725448650526
37.462901709942,126.72562085912
37.4631295269342,126.725289855119
37.4622616469652,126.724078949101
37.4621013363474,126.72461067637
37.4619875987163,126.724365814056
37.4620573943445,126.723734499594
37.4615789102474,126.723790967198
37.4609265766889,126.724098322719
37.4624991702009,126.723277126064
37.4627858877563,126.723322639085
37.4642405612056,126.725173659044
37.4642481973826,126.724970393429
37.464605948142,126.725612144475
37.4642037827818,126.726019863206
37.4634223208732,126.725934887186
37.4600839390036,126.731406040286
37.4594276047415,126.730202377269
37.4540201189636,126.737450676669
37.4548408963817,126.73791831517
37.4550966012148,126.737552023872
37.4543591548798,126.737809462025
37.4554932629744,126.738462840485
37.4543025715675,126.738256655505
37.4537579259433,126.737897681718
37.4535338929836,126.738244754658
37.4541670739653,126.739118907231
37.4543640119362,126.73927181815
37.4525639961414,126.738915165923
37.4524333356688,126.738786553906
37.4522185998644,126.738571550554
37.4521401941833,126.738482087762
37.4523927333997,126.738109493656
37.4525172393245,126.737696996722
37.4526749812043,126.737361121414
37.4530487937616,126.73694842672
37.453227235732,126.736643555059
37.4553475541826,126.724420134966
37.4550296055545,126.725473079946
37.4537461266892,126.725438779282
37.4537025336638,126.726027996461
37.4536608512793,126.72619835583
37.4529269752843,126.725769639831
37.4526123654943,126.725896125272
37.4520967993127,126.727920335053
37.4521599258937,126.727514374574
37.4522169886599,126.726980273822
37.4524698772854,126.726112735042
37.4526278021666,126.726764837708
37.4516553146544,126.727065269372
37.4535866796602,126.72700829694
37.4537668185199,126.727215033262
37.4540438926661,126.726791784069
37.4539084832642,126.726213162899
37.4547684590911,126.726663581982
37.4546239392181,126.726041927723
37.4549395374118,126.726030830694
37.4549312039744,126.726673274662
37.455119020541,126.727239168816
37.4547642476506,126.72780578894
37.4544820397825,126.727761716391
37.4543645355559,126.728108550244
37.4541952718741,126.727811128472
37.4540370388787,126.728195857024
37.4533393525676,126.728455499932
37.4533704364289,126.729555288914
37.4532163102017,126.729059917289
37.4529649257964,126.728234772313
37.452514290523,126.728688021676
37.4521173943317,126.729434351346
37.4519693616007,126.729396458796
37.4516553146544,126.727065269372
37.4522043485708,126.729673521781
37.4525429649663,126.729759552899
37.4538875273388,126.729831455858
37.4535124037303,126.729777651738
37.4531105426803,126.729812550978
37.4528845532424,126.729490470544
37.4536546217347,126.72928267989
37.4539258542903,126.728784188787
37.4540841145044,126.728959928714
37.4543117349718,126.729600272416
37.454363379679,126.729135459047
37.4546766776568,126.729693670198
37.4547221645769,126.729254532617
37.4561559373547,126.72214845365
37.4561675780808,126.722654641672
37.4560445720317,126.723223375825
37.4589932287029,126.722229960674
37.4597148157244,126.721986653769
37.4599977918318,126.721935195206
37.4598933605533,126.722469982284
37.4598737892976,126.722884079173
37.4597606890271,126.724067680438
37.4595767574868,126.723705422174
37.4592708879648,126.723676821193
37.4586362597206,126.724003656721
37.4584104143739,126.723557240405
37.456089071215,126.723757924234
37.4560361214479,126.724310801678
37.4565383476587,126.725047003557
37.4565939442443,126.724391261479
37.4571396756662,126.724116530156
37.4573737106916,126.723980492467
37.4570262643758,126.724668506501
37.4574083368674,126.725462124423
37.4581090269017,126.724908786446
37.4581897008811,126.724497753404
37.4577383614645,126.72441034495
37.4581760915369,126.723878306366
37.4584921969859,126.724818769904
37.4595166468063,126.724548834331
37.4592928719962,126.724757626559
37.4592568333319,126.725222981462
37.4585901441256,126.725713357928
37.4594280403441,126.725694925724
37.4587500906796,126.725294121239
37.4577666129067,126.725205602786
37.4570293011016,126.725121497732
37.4557901640737,126.726140072372
37.4559311450448,126.726478513963
37.4558521476834,126.726760341389
37.4563961503833,126.727021481168
37.4564486963345,126.726561170809
37.4568124645905,126.725796593839
37.4573917927659,126.72625381263
37.4576347275206,126.72595250546
37.4577900899878,126.72658714291
37.4570135240132,126.726126456484
37.4568612031291,126.727507942766
37.456836512715,126.727741314418
37.4567995059484,126.728221801439
37.4578044327598,126.728000025149
37.4581978238416,126.727535079454
37.4576643155282,126.727487170785
37.4574077878956,126.727482789443
37.4572537220417,126.727134327646
37.4563966221352,126.727811966484
37.4561509110081,126.728357741952
37.455652799102,126.728578468065
37.4558053269063,126.727437404709
37.4559836838077,126.727653196437
37.455992927004,126.728028286221
37.4560898058764,126.729292890355
37.4561366083072,126.73005879298
37.4315501726816,126.750532879087
37.4556049430999,126.730462724579
37.4555791498487,126.731282907492
37.4478611374418,126.732335975545
37.4460788558326,126.733496476763
37.4466933243211,126.734688350365
37.4470853834695,126.734139886367
37.4472239136167,126.733839468111
37.4465083098975,126.73579818447
37.4467729238694,126.73607457836
37.4467729238694,126.73607457836
37.4465330299847,126.736054627463
37.4455865227006,126.736380136556
37.4454382872359,126.736978238376
37.4451696717025,126.736441718717
37.4469098388868,126.736420584038
37.447452513228,126.736660860917
37.4474399632687,126.737175440088
37.4472099577268,126.737347793592
37.4468626715041,126.73875427806
37.4465783112081,126.738590838964
37.4462324092187,126.738467055265
37.4461570334864,126.739750073934
37.4461570334864,126.739750073934
37.4459454840776,126.73922238177
37.4459538991259,126.741165071636
37.4459538991259,126.741165071636
37.4458972967409,126.741444621996
37.4458398946671,126.741770846885
37.4449998545196,126.741964940983
37.4453017235904,126.741113414062
37.4453922357556,126.741095360078
37.4431369387428,126.740860851275
37.4435211190465,126.741596427097
37.4432764794047,126.739905487173
37.4431001682939,126.739913216694
37.4430867417192,126.739054096786
37.4438321869456,126.74095541156
37.4436865412644,126.74077182934
37.4451911941558,126.740549439098
37.4448702541734,126.740467600725
37.4451531651291,126.740382433491
37.4454316666954,126.740217836837
37.4452700880307,126.739591320295
37.4447575603041,126.737986827757
37.4441450557361,126.737988398619
37.4446568919084,126.738382134636
37.4449411454457,126.736954213244
37.4420462118688,126.73579116049
37.4041249742789,126.736304993726
37.4045408593534,126.735648225456
37.4045408593534,126.735648225456
37.4046673713511,126.735330064271
37.4046673713511,126.735330064271
37.4048638521808,126.735356367292
37.4026729957694,126.734218041032
37.4027886045808,126.734141509094
37.4022029221283,126.733212370135
37.4022029221283,126.733212370135
37.4028692269987,126.732654666347
37.4033242119051,126.73328000116
37.4035979424095,126.73380026866
37.4042788924123,126.733662664174
37.4034003395993,126.732080718263
37.402750431791,126.730888999009
37.4025514019465,126.730495653769
37.4023728514497,126.73015385184
37.4003658903556,126.738480165083
37.4002950694868,126.738765131192
37.4001677372073,126.738838418924
37.4004068294772,126.739801979443
37.4004099826193,126.739965617859
37.4005535221379,126.739886967612
37.400647344553,126.739448775555
37.4048643564464,126.736833701345
37.4035821564955,126.725012699225
37.4045206117754,126.72584687438
37.4050887495032,126.724007617035
37.4066815281945,126.72352750228
37.4087867039233,126.724161220822
37.409081146932,126.723848392461
37.4087341642072,126.723655162843
37.4087341642072,126.723655162843
37.4076490109558,126.729316604318
37.4087588965666,126.730980008496
37.4092143705898,126.732135128237
37.4098972165873,126.733155605746
37.4035333058251,126.72369199606
37.4025590704148,126.723167905152
37.4030033272579,126.72200080851
37.4019435237739,126.720842553156
37.4160074110152,126.712533118272
37.4153232130909,126.712287669086
37.4150388296793,126.712426456809
37.4151547041972,126.713132701285
37.4154966186832,126.712975509594
37.4161347143696,126.71312241169
37.4166011496952,126.713188184921
37.4143346177731,126.713400382022
37.4136215228629,126.713127704356
37.4138375212855,126.71269266397
37.4092036892619,126.710700030436
37.408837876772,126.710442550986
37.408616745902,126.710507445696
37.4014586180252,126.71039968111
37.4021282815895,126.711073626534
37.4055791744489,126.719870256346
37.4050368899353,126.716860108272
37.4047648668447,126.716256306226
37.4050311785392,126.718241012063
37.4047312496682,126.712930401823
37.4076740844603,126.72260229308
37.4068688618984,126.72283997018
37.4066145278124,126.721507772891
37.406613974314,126.721234664852
37.4067298093337,126.721448838643
37.4073635929403,126.721643476808
37.4074984166389,126.721618580783
37.4082489834826,126.721741631252
37.4092374698286,126.722961027027
37.4085611977813,126.722705422716
37.402614524592,126.720962380964
37.4034516712081,126.722767171416
37.3920139660351,126.727422247669
37.3906678886533,126.72437148832
37.3914250850227,126.724710655846
37.3915695267541,126.724598104872
37.3914362520381,126.724437447051
37.3900513027754,126.722975747781
37.3895813496107,126.723176221864
37.3899569634382,126.723590738962
37.3920478766802,126.716627104041
37.4639479847349,126.749996760903
37.4637649937198,126.750083841775
37.4498392227173,126.750883640334
37.4504292201595,126.753858038281
37.4496773026825,126.754236498064
37.4501819266599,126.754697866786
37.4505701920681,126.754924436949
37.4512321561446,126.754659515347
37.4527071240692,126.753842210674
37.4531919758902,126.754023825275
37.4525810768405,126.754060635304
37.4522662319832,126.75387236194
37.4519641262405,126.753053300569
37.4521984552146,126.751494360173
37.4515140277047,126.752300622436
37.4514828090642,126.752968538468
37.4513067071791,126.753984001258
37.4510759849998,126.752917098026
37.4513208762772,126.752656920755
37.4513519170053,126.752033874003
37.4506272858763,126.75188708622
37.4506558489315,126.75287666438
37.4505789524905,126.754023566556
37.4511009738014,126.753968400784
37.4506906929128,126.750463339017
37.4499192413959,126.749226252116
37.4385916121636,126.74790775434
37.4391157879935,126.748865459074
37.4385801372396,126.750013828057
37.4388012730098,126.750026652135
37.4390165013034,126.749930227346
37.4343081898443,126.752381627283
37.4343772170624,126.751913506077
37.4337910999499,126.75216763349
37.4340658558149,126.751884478388
37.4335890864896,126.752121747941
37.4333231743628,126.752885413251
37.4328766341055,126.752972752346
37.4328878698643,126.752658268989
37.4331904483706,126.751292708204
37.4329311273171,126.750860481837
37.4333953614692,126.750491050784
37.4333841334507,126.751063038569
37.4338287638672,126.75054068348
37.4341966894834,126.750176424697
37.434723983931,126.750442347918
37.4346934744691,126.751228301672
37.434899508218,126.749083609535
37.4351113057944,126.749069117507
37.437266983963,126.74657885808
37.4372379498448,126.746065055528
37.4377591776342,126.74518192869
37.4374367674634,126.745169123435
37.4367828849013,126.745161171046
37.4375627799671,126.744149930475
37.4380051289719,126.744127520326
37.438043360056,126.744932599868
37.4379902784184,126.745931099255
37.4371899849884,126.746848723191
37.4351480392432,126.748293193956
37.4349143935038,126.750326351559
37.4319893770817,126.751669200036
37.4312185524362,126.752138151777
37.4306453978,126.752343866376
37.4312000707849,126.752347914285
37.4311457105979,126.752850653669
37.4305490460847,126.751340878952
37.4315501726816,126.750532879087
37.4317372168538,126.750914378912
37.4271133977325,126.761624801866
37.4276495251032,126.761234562277
37.4272175481675,126.760595903609
37.4267288548272,126.761540608899
37.4223112569641,126.728964909357
37.4221248428708,126.729085444616
37.4221391310414,126.728950956354
37.422173040742,126.728611239876
37.4217482666132,126.729303141723
37.4220612054717,126.729822251145
37.4201971558345,126.729533872695
37.4204279127237,126.730167705539
37.419484083561,126.728979391502
37.4194689448109,126.727997866444
37.4199190240896,126.728988217185
37.419591699365,126.727935289919
37.4196253382455,126.727596602202
37.4192680929935,126.727717190163
37.4190888250061,126.726716721202
37.4184123056221,126.726817799241
37.4181268179127,126.727188122269
37.4177038756564,126.726561794629
37.417196041947,126.726552683356
37.4170489307712,126.726953225282
37.4171551774829,126.726726571477
37.4179503985183,126.72769597862
37.4183240204205,126.727957159668
37.4190384460307,126.728471062479
37.4183273824694,126.72749997265
37.4165023882193,126.729231426346
37.4171570286958,126.729963339523
37.4254330428208,126.731747013877
37.4314972878621,126.717726279164
37.4322367436478,126.716970103553
37.4327408696924,126.717501169747
37.4330141841327,126.717441275611
37.4334317869819,126.717471907683
37.4331593630774,126.716548797713
37.4329264723586,126.715732205809
37.4329283653235,126.714275101957
37.4333556466622,126.714843393833
37.4335047194046,126.714227828454
37.4323832912099,126.713323672791
37.4315205656195,126.714251867531
37.4305964273977,126.715048759337
37.430928685569,126.716382646747
37.4297737253625,126.716816680463
37.4298127270607,126.715124152402
37.4298253777336,126.71465364074
37.4291569785965,126.715090708805
37.4295785897586,126.71641327448
37.4279483646468,126.715055971737
37.4279580430125,126.714511367617
37.4266715403199,126.71442248027
37.4277253112694,126.714138625036
37.4290288625318,126.714496567935
37.4290288625318,126.714496567935
37.4285755772079,126.71446541166
37.4605777535669,126.697956704969
37.4611712623994,126.700298009427
37.4607234986166,126.700064241916
37.4605424848545,126.700739074447
37.4611490671077,126.700748186177
37.4616083012205,126.700744208427
37.4613647331962,126.700094459626
37.461559754476,126.699685637745
37.4615234925822,126.699067275826
37.4611606574488,126.69910309125
37.4609520126539,126.699574811867
37.4611909318532,126.699634553504
37.4608049415294,126.699919011948
37.4606627550239,126.69966786246
37.4600121623444,126.698651621381
37.4592085320741,126.698431729453
37.462136495275,126.700290992012
37.4620640107441,126.700593755111
37.4623817238685,126.700742934564
37.4639484086102,126.707549190981
37.4612738538079,126.710402786706
37.4611432410358,126.710894860933
37.4612444299157,126.712337084117
37.461580331459,126.710126938535
37.4614088906828,126.711387218905
37.4622629277001,126.712447005906
37.4624041643981,126.711579618029
37.4621349458167,126.709667469269
37.4624244002572,126.710165163043
37.4626312793034,126.711936947038
37.462997784931,126.711631254807
37.4628221762258,126.71218477475
37.4628535249938,126.712737613377
37.4629544573721,126.713896950235
37.4631208409099,126.709159074862
37.4610515248894,126.714455111681
37.4608613276702,126.712969825821
37.4608665512517,126.711673461511
37.4631208409099,126.709159074862
37.4637176673226,126.709524690574
37.4632701152429,126.711207123021
37.4628848519408,126.711985708891
37.4631407719397,126.709789725714
37.4637638638339,126.710505765573
37.4636748463014,126.710801015821
37.4620871618569,126.71494738448
37.4625378671778,126.716003773614
37.4609719388369,126.718235152712
37.4657274710334,126.705924015094
37.4660878039796,126.708952590844
37.4652372119713,126.708643793436
37.4649676407301,126.711143736394
37.4645744071683,126.712274929698
37.463842180289,126.713508119086
37.4630124523597,126.715152644711
37.4626944649777,126.715517817427
37.4623129781721,126.716380118061
37.4620871618569,126.71494738448
37.4618427707063,126.715268192123
37.4616238689185,126.715510683379
37.4612798572705,126.715920028317
37.4609018769346,126.716142093501
37.4613213972979,126.717952733375
37.4607872680268,126.716930686162
37.461052317238,126.715306341903
37.4613716017753,126.720653648129
37.4620843453701,126.721207001685
37.4613212412907,126.721343098465
37.4617196879508,126.721695860853
37.4643417403719,126.726725945031
37.4637148830341,126.721772676483
37.4652374918741,126.721464208358
37.465403943863,126.721823614134
37.4658394587372,126.711181527945
37.4680318469418,126.708452195132
37.4679931142307,126.706636228813
37.4679895762643,126.707608056078
37.4677314825572,126.707517046239
37.4686446703636,126.708325582019
37.4688472832851,126.708279464839
37.4696686395693,126.708899595019
37.4697952374609,126.708902156273
37.468751159041,126.708650051402
37.4685111203267,126.709121349863
37.4679202799423,126.708881731647
37.4675391003283,126.708567714241
37.4671982489265,126.709043013315
37.4673069277958,126.709233064476
37.4670677374375,126.709207539598
37.4669744442432,126.709338235467
37.4668913379004,126.709544514914
37.4668792537018,126.709723502926
37.4666890249485,126.710043234618
37.4673518308829,126.710862136704
37.4676708730869,126.71100752151
37.4679999740658,126.709669092413
37.4687798933379,126.710259208527
37.4690749157427,126.710713744731
37.4687309499416,126.711429835558
37.4675264560851,126.711197759075
37.4666798589173,126.710641246498
37.4669028355763,126.710815937235
37.4673165599665,126.711656378497
37.4669035078331,126.711496431658
37.4663024601546,126.711354956429
37.4659279542166,126.711557151575
37.4662030297515,126.711556207793
37.4663440363312,126.712035966765
37.4665751979321,126.712316659968
37.4667833311476,126.712835390557
37.4662030616547,126.71319808926
37.4655040504295,126.71245290493
37.464642760491,126.714080191343
37.4653668261212,126.713863115691
37.4655705360479,126.713339315413
37.466845186258,126.713708382466
37.4674832294647,126.713278657183
37.4676698919017,126.713082158083
37.4681133965035,126.712204619873
37.4686053240826,126.70921424444
37.4687398435533,126.709213836421
37.4689562855706,126.709258554137
37.4697033626291,126.709426017373
37.4698288731829,126.710049646209
37.4697062774632,126.710319615653
37.4695374890768,126.71063848398
37.4692424476929,126.71094879356
37.4692580031046,126.710604404945
37.4694511767327,126.711340136737
37.4692303730717,126.713018429043
37.4683676073221,126.712589795361
37.4670508335601,126.713984206151
37.4666902289465,126.71401270932
37.4658081199673,126.714749232182
37.4658081199673,126.714749232182
37.465497713515,126.715081610705
37.4651947924579,126.715267688471
37.4655851860414,126.715748651547
37.46614570172,126.715935303254
37.46614570172,126.715935303254
37.46614570172,126.715935303254
37.4660575633818,126.71648986259
37.4658788486605,126.716884587372
37.4654965158461,126.717849445751
37.4650133666203,126.718404123152
37.4649495780436,126.719124630646
37.4649495780436,126.719124630646
37.4650161309656,126.718278642216
37.464991563637,126.717611818991
37.4653799923286,126.716296867037
37.4650397274138,126.715791070698
37.46449561492,126.715868751269
37.4668887082669,126.714305403417
37.469829897741,126.711314489065
37.4701103564199,126.710677989058
37.4709228666272,126.710670448648
37.4709451828888,126.710180762765
37.4705085982402,126.711044754094
37.4711529499532,126.711172163297
37.4746605949659,126.710372056325
37.4754284615479,126.710383676875
37.4751785307798,126.710203419232
37.4746940882449,126.709848048276
37.4744598006416,126.709544169189
37.4759583234625,126.710191703134
37.4768609411236,126.71084924648
37.4774384657882,126.710877659296
37.4786846911462,126.711190096251
37.4781291875197,126.711397770432
37.4768405942513,126.711334780196
37.4660990137353,126.689326415555
37.4673171687704,126.687751136932
37.4666305394582,126.690433127685
37.469271675088,126.691851098618
37.469271675088,126.691851098618
37.4691306076415,126.692243031415
37.4690669572616,126.692712645143
37.4682492754899,126.691702802566
37.4679806276654,126.691784390965
37.4673184382392,126.691769475359
37.467024431961,126.691628478753
37.4666255521378,126.691419977826
37.4663269506485,126.69124463908
37.4666734923249,126.697344944968
37.4669336522991,126.697958830403
37.4678109818963,126.697543267318
37.4679975497679,126.69710911654
37.4678788655125,126.699252509926
37.466433625773,126.69723230812
37.465929001232,126.697314373944
37.4653582450834,126.697362228894
37.4653582450834,126.697362228894
37.465419256093,126.698318615947
37.4662308407353,126.700924505473
37.4672471986903,126.70136029474
37.467648052544,126.701501131149
37.4674170074354,126.700600215746
37.466075442491,126.700472180859
37.4660459583075,126.699399341319
37.4663301452102,126.699225819791
37.4668075556229,126.69956675504
37.4669185816149,126.700178418895
37.4684025218373,126.703563288337
37.4682942005539,126.704058498475
37.4682710456608,126.704274837975
37.4685372417753,126.704830746374
37.4693481308512,126.705943857988
37.4682749390211,126.707249620693
37.4685323724748,126.707292250936
37.4688817934321,126.70733271417
37.4653226316753,126.705122020935
37.4654805763603,126.705590957184
37.4655532421781,126.706043160645
37.4651703468384,126.702814408757
37.4654039292953,126.703907570193
37.4653217572499,126.704339356373
37.4658807606634,126.706007740882
37.4658807606634,126.706007740882
37.4666356132799,126.705821887938
37.4658136080136,126.704263492799
37.4656829562718,126.703649874625
37.4661044425207,126.703001745758
37.4658263472297,126.703271084392
37.4663188358926,126.703629165454
37.4663978540176,126.70402448859
37.4672824206886,126.703252895016
37.4670050106912,126.705598430883
37.4668839224898,126.706361808143
37.4633718610186,126.699259712069
37.4633708615195,126.698196178987
37.464385798051,126.694739315722
37.4642001586439,126.69827027472
37.4642457954418,126.698394091085
37.4640684990982,126.699924619924
37.4636843554638,126.699269424762
37.4638058850224,126.696865029632
37.4644392938945,126.700753610788
37.4644392938945,126.700753610788
37.4641240653846,126.700731581907
37.4626181638928,126.698727746167
37.4485004668002,126.71723352525
37.4482008088294,126.716601677185
37.4484131003701,126.713877297929
37.4488053844616,126.712756305628
37.4487545896115,126.713396374135
37.443701138307,126.709908783494
37.4439174518983,126.709131040523
37.4437867742227,126.707366414914
37.444193236718,126.708028737358
37.4443914110173,126.708009208371
37.4443914110173,126.708009208371
37.4446044882865,126.708405821741
37.4450764326939,126.708659384889
37.4451104483474,126.707802663214
37.4453628732586,126.707604936442
37.4455846170234,126.708117239544
37.4456145441048,126.708487787308
37.4454589642067,126.708790232888
37.4459925165787,126.709035539159
37.4464540826366,126.708551204959
37.4468192266916,126.708317554701
37.4468192266916,126.708317554701
37.4467277243172,126.708078443876
37.4472021139974,126.70789906234
37.4477535490579,126.70805151676
37.4485711789174,126.708109252702
37.4479469196937,126.708531626408
37.4479469196937,126.708531626408
37.4474199555705,126.708473662497
37.4470856121664,126.708701770006
37.4468192266916,126.708317554701
37.4476204211916,126.708652571058
37.4484792054315,126.708774683523
37.4517103889771,126.710673717869
37.4522117014078,126.710485760544
37.4515766931847,126.710421980439
37.4513835974761,126.710381473979
37.4506222344548,126.710598459533
37.4501937008134,126.710556373953
37.450122252579,126.710336497756
37.4507622789976,126.709397925954
37.4503668252884,126.710352167818
37.4503668252884,126.710352167818
37.4502730011427,126.709166331103
37.4510744836503,126.711237741383
37.4516335849021,126.711284528216
37.4521652394162,126.711566722981
37.4523568016263,126.712124067709
37.4517570573539,126.712037083079
37.4504526300097,126.712133964373
37.4507992629179,126.711216422352
37.4510511982872,126.712145006414
37.4510364416585,126.712449300667
37.4510270745611,126.712635925078
37.449981603829,126.712032135607
37.4502444492474,126.712521723097
37.4508835003848,126.713694749249
37.4514745630701,126.71373182609
37.4514856500977,126.713547793511
37.4519824243947,126.713641624423
37.452221616487,126.71329634892
37.4506457770988,126.713642425269
37.4506143024674,126.713221564897
37.4499259699677,126.713907135182
37.4508292761553,126.715118495197
37.4511029253667,126.714936745462
37.4516673807386,126.714738519873
37.4518258205882,126.714756000855
37.4521908738197,126.714965052699
37.4519199611886,126.715198104251
37.4502548436845,126.715364445534
37.4507227901388,126.716135130171
37.4504299357092,126.716349495345
37.4500090503121,126.716114659372
37.4495728949101,126.715412799806
37.4503167564336,126.715594534327
37.4503058094451,126.717454114771
37.4499915765523,126.717508413212
37.4498697962233,126.71677066535
37.4503229620836,126.716865697128
37.4500524580025,126.717647982619
37.4499578772145,126.718149328657
37.4503521381725,126.718178137285
37.451905648685,126.718324203519
37.4511502373912,126.717492076326
37.4514341542193,126.711564557486
37.4509995640823,126.712994515288
37.45023541777,126.713069085857
37.4501961130492,126.711174100407
37.4502444492474,126.712521723097
37.4506382571907,126.717707486934
37.4498692378996,126.714441793221
37.4498726109824,126.715878750211
37.4479407179548,126.717819672133
37.4600614450189,126.721570327637
37.4585251306216,126.721263278566
37.4591556006089,126.721124740043
37.4595444007913,126.721283683382
37.4601313993029,126.721356217014
37.4598387686075,126.720447873436
37.4597332171879,126.720543888563
37.4600257977879,126.719488690932
37.4599042564983,126.719263087233
37.4595129353049,126.719409452389
37.4590886725278,126.718736714786
37.459751720031,126.718848051227
37.4602595157408,126.71891826279
37.4605898206248,126.718953987193
37.4598109116421,126.71831636861
37.4604363696715,126.717815900776
37.4598689228922,126.717857367114
37.4592730912594,126.717897583091
37.4588897493984,126.717875626462
37.458251698184,126.717931710968
37.4577907336108,126.718003857301
37.4572938489561,126.718050933013
37.4565548924497,126.717695195651
37.4569755127469,126.717066781023
37.4566378686451,126.716563062087
37.4566930983294,126.716186709732
37.4567428676542,126.715750813795
37.457747963923,126.715534408474
37.4577487412497,126.715932481698
37.4577777080685,126.71647625154
37.4579498485829,126.71713533388
37.4569842198632,126.717731332017
37.4574473509179,126.716682074238
37.4572305779529,126.716048031573
37.457175851229,126.715733464589
37.4580435194417,126.716144081708
37.4582004937601,126.716677424547
37.4584221770109,126.717256301735
37.4572852186509,126.717455437168
37.4579885164865,126.717518120211
37.4585312187452,126.717490534798
37.458980010258,126.717263921843
37.4594213958289,126.71744434834
37.4602735272593,126.717388583369
37.46040722476,126.716593369042
37.4600687922433,126.716850883259
37.4567428676542,126.715750813795
37.458825578274,126.71688800958
37.4595220312476,126.714890321949
37.4603741514006,126.715091896247
37.4593380615301,126.715158670694
37.4598860438643,126.715902469324
37.4604008296483,126.715956245353
37.4599618297692,126.715644815731
37.4596323456906,126.716100776759
37.4596317997156,126.716624100488
37.4529618874579,126.703474034552
37.4522814113767,126.706383866014
37.4524604996256,126.706407012695
37.4539642383377,126.70292679093
37.4530668177567,126.702777652253
37.4513452280499,126.703447415749
37.4508834115072,126.702925752322
37.4541027845267,126.702056214384
37.4538541665598,126.69873928125
37.4548287788426,126.697535991551
37.4548628454717,126.697962057348
37.454426557524,126.698201494033
37.4550503645981,126.69509225275
37.4548769228549,126.69523299015
37.4545221209348,126.695204140276
37.4540650977495,126.69568158305
37.4548287788426,126.697535991551
37.4549543343098,126.695623277794
37.4552592184716,126.695476583176
37.4536905263707,126.694764817709
37.4539521557281,126.695174468573
37.45355530015,126.695434328092
37.4536136921127,126.696242066482
37.4535251557908,126.697308421578
37.4527886483841,126.699453421444
37.4530343927143,126.699468712821
37.4530404235136,126.698723218849
37.4525747921519,126.698656710712
37.4519631312341,126.698599717667
37.4520420386252,126.69753342502
37.4526005602427,126.697281406658
37.453144574479,126.697345669145
37.4530377519057,126.696832882729
37.4531163891774,126.697915509387
37.4531036021786,126.698129957029
37.4513930682336,126.698037377097
37.4515030155583,126.698576248222
37.4515180787717,126.698971518378
37.4517637442709,126.698849719188
37.4516849654767,126.697778865292
37.4509930060227,126.696975962545
37.4509341073525,126.696705641518
37.450815463622,126.696959048378
37.450789172539,126.697916505185
37.4516435755364,126.695274476191
37.4519087348304,126.696076158563
37.451132771729,126.695231342097
37.4511252382509,126.694651489726
37.4516467711509,126.694976439075
37.452040484044,126.694721117263
37.4520612110227,126.69626122855
37.4508767571889,126.696161591822
37.4506508837713,126.695395360499
37.4506760055206,126.69503960073
37.4509781114002,126.693957947464
37.4510523707025,126.692887388467
37.4511895306511,126.69369601991
37.4511625891955,126.694252279695
37.4524533339609,126.694514651531
37.4532350488726,126.694548994526
37.4530256424092,126.695032886893
37.4528374049452,126.694782185757
37.4481505401245,126.698189640261
37.448137086685,126.697825911603
37.4484615523423,126.697231973806
37.4489572486829,126.697850187685
37.448435281731,126.696860497744
37.4484485398128,126.696725169413
37.44920230371,126.696576340114
37.4497008710962,126.698104189353
37.4484724341293,126.699023050749
37.4482733952345,126.69873792957
37.4477207388858,126.69892401377
37.449815191636,126.695883238446
37.4489523879673,126.69511542224
37.4483092339754,126.695460004703
37.4482754438782,126.695704020049
37.4493068858345,126.694363578256
37.4493662759936,126.693846641511
37.4499426710479,126.693540963434
37.4500631058266,126.693077905912
37.4500925686203,126.69534134341
37.4500563886591,126.695706864313
37.447982225652,126.69474924892
37.4484907977611,126.694068434742
37.4485352020929,126.693401824043
37.4479336807676,126.694268811332
37.4474972598511,126.694767944876
37.4470505591095,126.694950348817
37.4467450694861,126.695106750537
37.4468161640964,126.696298481993
37.4469427200723,126.697127119583
37.4459524225205,126.696355991186
37.4458181975878,126.696471236361
37.4456293933373,126.696876000263
37.4459992391755,126.697149682285
37.445781982566,126.697633439269
37.4450345316442,126.698137856779
37.4457189013579,126.698228677381
37.445988755087,126.698264321064
37.4465592856527,126.697598555564
37.4493871850121,126.704107682398
37.4493825709843,126.702413522989
37.4495070076232,126.702344770103
37.4494015938184,126.703421749688
37.4490267500224,126.704239405405
37.4494305037671,126.70427974367
37.4491109390709,126.705227029888
37.4490638001837,126.705907776167
37.4492231920679,126.706380110534
37.4489632925486,126.706542168952
37.4483822786083,126.706307566463
37.4484960589056,126.706844944123
37.4484091737186,126.706180662392
37.4487254530076,126.706009342346
37.4487220746864,126.705882782133
37.4487526063116,126.705335119274
37.4487747417444,126.704998256481
37.4483766819447,126.704640217076
37.4480025354029,126.70393729105
37.4474773918422,126.703887601894
37.4474617102783,126.704209855476
37.4473320047177,126.704225848498
37.4464706525404,126.704663983576
37.4463460814545,126.704139097134
37.4462175532646,126.70412152195
37.4455997820354,126.704214360608
37.4470208691328,126.703859453724
37.4479238002842,126.705529471311
37.4475001366593,126.706214052265
37.4473410656848,126.705726132436
37.4473006361402,126.706533746214
37.4466329447678,126.70629914871
37.446437931843,126.706249170208
37.4456678705456,126.705212964929
37.4454428226917,126.705801484614
37.4444843479051,126.705665223622
37.4447798044664,126.704984560762
37.4445523023794,126.703976878002
37.4441652274289,126.704264644996
37.4449980119757,126.704400591016
37.4456409623705,126.704973042879
37.4459500218312,126.704941995217
37.446372847632,126.705006670656
37.4470414619302,126.704779721603
37.4473505021732,126.704849251439
37.4452312393143,126.706225749362
37.4550155137536,126.721988791369
37.4552167246341,126.721650789514
37.4545579214134,126.722845826664
37.4538403489864,126.723380910462
37.4539229767426,126.723498598898
37.4540624018278,126.723862010277
37.4531816561969,126.724360383344
37.453065565119,126.724342839406
37.4525785221178,126.724284162233
37.4526067166115,126.7238951642
37.4525114472247,126.7232648754
37.4526034057378,126.722980861736
37.4532735912231,126.722833047791
37.4538302490882,126.722493290755
37.4538748785753,126.722659377975
37.4532829510987,126.721640098788
37.4532188624232,126.721820036186
37.4527475277876,126.72173667913
37.4526299396416,126.721963715657
37.4518836678118,126.723360992148
37.4517511870851,126.72500734076
37.4521353373872,126.725532481457
37.4523267277022,126.725384068298
37.4526952082721,126.725292419748
37.453097016554,126.72511916193
37.4528528533701,126.724891419519
37.4525114472247,126.7232648754
37.4517802813501,126.724462154981
37.4511008332839,126.724386666466
37.4509396132455,126.724374148203
37.4494182378809,126.724985141327
37.4500703605285,126.725127524987
37.450509932317,126.725346521315
37.4502342146273,126.725614469205
37.4497266430882,126.725639490909
37.4492723844532,126.725536500007
37.4489489187896,126.72728688751
37.4496551074504,126.72657459942
37.4494313860052,126.726263045455
37.4497697856787,126.725943339983
37.4496434971739,126.725918824733
37.4507833076692,126.725971286655
37.4510086709575,126.725863551897
37.451048619748,126.72568405044
37.4508409690749,126.725271285996
37.4514323139984,126.725741756696
37.4517293997833,126.725635001522
37.4512802895775,126.724028425756
37.4512984139427,126.723610313298
37.4513386526312,126.722441354038
37.4510883033388,126.722305643211
37.4511135986574,126.722027531243
37.4507925622275,126.72340739105
37.4501094388678,126.723918243836
37.4504944996351,126.722980727864
37.4502336785919,126.722951514861
37.4500705948342,126.721953637054
37.4497493581387,126.721865884349
37.4497723775765,126.722229250908
37.4495475857602,126.721850583506
37.4494237116998,126.722201721781
37.4493262876486,126.723998648861
37.4521026701616,126.723924706141
37.4516385815624,126.721208931878
37.4515292676606,126.719828278956
37.4511926956698,126.71958157774
37.4511568281901,126.720491374947
37.4511067997449,126.72135952106
37.4503119139025,126.721315342493
37.4506187027631,126.721313074202
37.450622319569,126.720288693813
37.4503085670203,126.719671560199
37.4501703226131,126.719659192465
37.4499656092955,126.720456478396
37.4500745217541,126.721249205829
37.4479438832939,126.719945959509
37.4476934201723,126.719953560782
37.4477610553383,126.719484653775
37.4479702481043,126.719399453535
37.4487697847547,126.719504619776
37.4486107424154,126.719612687874
37.44846862905,126.721087681269
37.4484618991112,126.722362251564
37.4484019714713,126.722933746446
37.4482632458942,126.726349913155
37.4516521796166,126.726566539146
37.4516207659772,126.727086981037
37.4516001115771,126.727429156655
37.4528746155382,126.730109394555
37.4528572310379,126.730308934277
37.4543209140021,126.730226146781
37.4536516251302,126.730218152852
37.454456828675,126.730560651919
37.4542306879648,126.730843109846
37.4538490670292,126.731061701372
37.4534390230002,126.730708176374
37.4531532769879,126.730929926389
37.4531290586583,126.731215385331
37.4538753204544,126.731552226371
37.4543044564327,126.732141111492
37.4536135894424,126.731716474855
37.4539265993627,126.732391554844
37.4530702017629,126.732437100986
37.4532031375435,126.733649997332
37.4528733777766,126.734094650498
37.4526750798378,126.733581007506
37.4523275566737,126.73341972096
37.4519330148443,126.733304713755
37.4522261905863,126.733219022863
37.452463621902,126.732428524988
37.4499692718473,126.730094517851
37.4499584564491,126.73044840328
37.4492256018424,126.730579189392
37.449395872897,126.73167932605
37.4489945264554,126.735058137297
37.4488726207683,126.735460890989
37.4505353026657,126.732997077153
37.4510104123254,126.732681092311
37.4512056449455,126.733112343931
37.4511562565639,126.732508789406
37.4518786070698,126.733470363538
37.4514472907172,126.733469294555
37.451620045464,126.733562937285
37.4513585668203,126.734441321197
37.4514102130928,126.734289131948
37.4514271505575,126.73501079308
37.4517993376789,126.734319400175
37.4519898572711,126.734419989538
37.4523624252286,126.734620521609
37.4522745266625,126.734999779531
37.4519000032145,126.734931369408
37.4526390271988,126.735340033872
37.452639097195,126.734768388782
37.4528473136758,126.734644802696
37.4541678762041,126.730838136
37.4517803482269,126.734008671507
37.4531700355909,126.734876707284
37.4531609145131,126.734265647128
37.4512236327364,126.726711064082
37.4514138424582,126.727259856338
37.4509492089142,126.727501927081
37.4510898607786,126.726879152907
37.4503879390516,126.727059363832
37.4502575534409,126.727758492334
37.4502575534409,126.727758492334
37.4513623759678,126.727877110679
37.4515526706259,126.728386802963
37.4515272794087,126.728983055609
37.4513522865564,126.729644604593
37.4510647983973,126.729537144324
37.4507731196483,126.729567126374
37.4496831605818,126.729407067574
37.4495562879373,126.729127251567
37.4497535068278,126.728886047495
37.4500294078792,126.72853775969
37.4500551874032,126.72807204862
37.4504852002378,126.728133102168
37.4507984186158,126.72924381189
37.4508687674069,126.728175224874
37.4506839864265,126.728574384414
37.4511678238453,126.729279097511
37.4580188096494,126.731042927009
37.458019067835,126.72937997389
37.4582160788742,126.729087316929
37.4584850102104,126.729078547935
37.4583373316891,126.729352491845
37.4580945011156,126.729663736799
37.4587585631769,126.729435292018
37.4587833092218,126.729224746229
37.4591131432513,126.729607059906
37.4591772797772,126.730073294653
37.4588015434531,126.730106066752
37.4599297669518,126.729584565512
37.4602335265746,126.729125250577
37.459541569432,126.731383226982
37.4623552522351,126.735019479697
37.4629014047759,126.734680712787
37.4632219186074,126.734731914927
37.4629272392097,126.735876402313
37.4622299701779,126.735523707193
37.4630459530574,126.735174498053
37.4632769600588,126.734847806359
37.4634969528018,126.734832787164
37.4656984135336,126.736495595082
37.46541953899,126.736288133246
37.4653811090777,126.737116265297
37.4652065139462,126.737328029514
37.4650519907197,126.737652420119
37.4651324732363,126.737987405957
37.4656258475577,126.737776112627
37.4654153328113,126.738857031338
37.4659259754271,126.739242749347
37.4661582697194,126.740067122284
37.4660113930862,126.73961140903
37.4664387726956,126.73942115206
37.4665076146013,126.739791341418
37.4667336042004,126.739962603796
37.4658291922974,126.739603789182
37.4651613747266,126.738832707442
37.4644364677073,126.738771476841
37.4643266125525,126.73876145978
37.462768974227,126.741230551153
37.4625694171503,126.73723654261
37.4626029270596,126.738370145958
37.4609895578513,126.725491418315
37.4621949736836,126.726054659914
37.4631000703219,126.726535707101
37.4638423899911,126.727032956436
37.4637029718894,126.727058104829
37.4612273449825,126.72674010524
37.4615485413761,126.726617427681
37.4621459644784,126.726913544696
37.4631693314794,126.72695288863
37.4635027627971,126.727251103944
37.4635808392999,126.72750673023
37.4638253420687,126.727454185993
37.4639787423901,126.727514328966
37.4642214220702,126.727608963142
37.4646414922283,126.727539391488
37.4639632288154,126.728172361922
37.4635544412742,126.728250818262
37.4637571004707,126.728103817915
37.4632907651643,126.728272231712
37.4629368854637,126.728092319755
37.462096781898,126.728600728799
37.4611750620852,126.722093261018
37.4610338945939,126.723292359565
37.4609350823607,126.723266048503
37.4607325278961,126.724806152085
37.4611981452725,126.724989251083
37.4614690531815,126.725598401467
37.4621368581182,126.725743694202
37.4632518565684,126.725898886403
37.4639986955805,126.726440084591
37.4644273286115,126.726255518119
37.4641632109123,126.726825726758
37.462888122173,126.726366702903
37.4620521989558,126.725448650526
37.462901709942,126.72562085912
37.4631295269342,126.725289855119
37.4622616469652,126.724078949101
37.4621013363474,126.72461067637
37.4619875987163,126.724365814056
37.4620573943445,126.723734499594
37.4615789102474,126.723790967198
37.4609265766889,126.724098322719
37.4624991702009,126.723277126064
37.4627858877563,126.723322639085
37.4642405612056,126.725173659044
37.4642481973826,126.724970393429
37.464605948142,126.725612144475
37.4642037827818,126.726019863206
37.4634223208732,126.725934887186
37.4600839390036,126.731406040286
37.4594276047415,126.730202377269
37.4540201189636,126.737450676669
37.4548408963817,126.73791831517
37.4550966012148,126.737552023872
37.4543591548798,126.737809462025
37.4554932629744,126.738462840485
37.4543025715675,126.738256655505
37.4537579259433,126.737897681718
37.4535338929836,126.738244754658
37.4541670739653,126.739118907231
37.4543640119362,126.73927181815
37.4525639961414,126.738915165923
37.4524333356688,126.738786553906
37.4522185998644,126.738571550554
37.4521401941833,126.738482087762
37.4523927333997,126.738109493656
37.4525172393245,126.737696996722
37.4526749812043,126.737361121414
37.4530487937616,126.73694842672
37.453227235732,126.736643555059
37.4553475541826,126.724420134966
37.4550296055545,126.725473079946
37.4537461266892,126.725438779282
37.4537025336638,126.726027996461
37.4536608512793,126.72619835583
37.4529269752843,126.725769639831
37.4526123654943,126.725896125272
37.4520967993127,126.727920335053
37.4521599258937,126.727514374574
37.4522169886599,126.726980273822
37.4524698772854,126.726112735042
37.4526278021666,126.726764837708
37.4516553146544,126.727065269372
37.4535866796602,126.72700829694
37.4537668185199,126.727215033262
37.4540438926661,126.726791784069
37.4539084832642,126.726213162899
37.4547684590911,126.726663581982
37.4546239392181,126.726041927723
37.4549395374118,126.726030830694
37.4549312039744,126.726673274662
37.455119020541,126.727239168816
37.4547642476506,126.72780578894
37.4544820397825,126.727761716391
37.4543645355559,126.728108550244
37.4541952718741,126.727811128472
37.4540370388787,126.728195857024
37.4533393525676,126.728455499932
37.4533704364289,126.729555288914
37.4532163102017,126.729059917289
37.4529649257964,126.728234772313
37.452514290523,126.728688021676
37.4521173943317,126.729434351346
37.4519693616007,126.729396458796
37.4516553146544,126.727065269372
37.4522043485708,126.729673521781
37.4525429649663,126.729759552899
37.4538875273388,126.729831455858
37.4535124037303,126.729777651738
37.4531105426803,126.729812550978
37.4528845532424,126.729490470544
37.4536546217347,126.72928267989
37.4539258542903,126.728784188787
37.4540841145044,126.728959928714
37.4543117349718,126.729600272416
37.454363379679,126.729135459047
37.4546766776568,126.729693670198
37.4547221645769,126.729254532617
37.4561559373547,126.72214845365
37.4561675780808,126.722654641672
37.4560445720317,126.723223375825
37.4589932287029,126.722229960674
37.4597148157244,126.721986653769
37.4599977918318,126.721935195206
37.4598933605533,126.722469982284
37.4598737892976,126.722884079173
37.4597606890271,126.724067680438
37.4595767574868,126.723705422174
37.4592708879648,126.723676821193
37.4586362597206,126.724003656721
37.4584104143739,126.723557240405
37.456089071215,126.723757924234
37.4560361214479,126.724310801678
37.4565383476587,126.725047003557
37.4565939442443,126.724391261479
37.4571396756662,126.724116530156
37.4573737106916,126.723980492467
37.4570262643758,126.724668506501
37.4574083368674,126.725462124423
37.4581090269017,126.724908786446
37.4581897008811,126.724497753404
37.4577383614645,126.72441034495
37.4581760915369,126.723878306366
37.4584921969859,126.724818769904
37.4595166468063,126.724548834331
37.4592928719962,126.724757626559
37.4592568333319,126.725222981462
37.4585901441256,126.725713357928
37.4594280403441,126.725694925724
37.4587500906796,126.725294121239
37.4577666129067,126.725205602786
37.4570293011016,126.725121497732
37.4557901640737,126.726140072372
37.4559311450448,126.726478513963
37.4558521476834,126.726760341389
37.4563961503833,126.727021481168
37.4564486963345,126.726561170809
37.4568124645905,126.725796593839
37.4573917927659,126.72625381263
37.4576347275206,126.72595250546
37.4577900899878,126.72658714291
37.4570135240132,126.726126456484
37.4568612031291,126.727507942766
37.456836512715,126.727741314418
37.4567995059484,126.728221801439
37.4578044327598,126.728000025149
37.4581978238416,126.727535079454
37.4576643155282,126.727487170785
37.4574077878956,126.727482789443
37.4572537220417,126.727134327646
37.4563966221352,126.727811966484
37.4561509110081,126.728357741952
37.455652799102,126.728578468065
37.4558053269063,126.727437404709
37.4559836838077,126.727653196437
37.455992927004,126.728028286221
37.4560898058764,126.729292890355
37.4561366083072,126.73005879298
37.4315501726816,126.750532879087
37.4556049430999,126.730462724579
37.4555791498487,126.731282907492
37.4478611374418,126.732335975545
37.4460788558326,126.733496476763
37.4466933243211,126.734688350365
37.4470853834695,126.734139886367
37.4472239136167,126.733839468111
37.4465083098975,126.73579818447
37.4467729238694,126.73607457836
37.4467729238694,126.73607457836
37.4465330299847,126.736054627463
37.4455865227006,126.736380136556
37.4454382872359,126.736978238376
37.4451696717025,126.736441718717
37.4469098388868,126.736420584038
37.447452513228,126.736660860917
37.4474399632687,126.737175440088
37.4472099577268,126.737347793592
37.4468626715041,126.73875427806
37.4465783112081,126.738590838964
37.4462324092187,126.738467055265
37.4461570334864,126.739750073934
37.4461570334864,126.739750073934
37.4459454840776,126.73922238177
37.4459538991259,126.741165071636
37.4459538991259,126.741165071636
37.4458972967409,126.741444621996
37.4458398946671,126.741770846885
37.4449998545196,126.741964940983
37.4453017235904,126.741113414062
37.4453922357556,126.741095360078
37.4431369387428,126.740860851275
37.4435211190465,126.741596427097
37.4432764794047,126.739905487173
37.4431001682939,126.739913216694
37.4430867417192,126.739054096786
37.4438321869456,126.74095541156
37.4436865412644,126.74077182934
37.4451911941558,126.740549439098
37.4448702541734,126.740467600725
37.4451531651291,126.740382433491
37.4454316666954,126.740217836837
37.4452700880307,126.739591320295
37.4447575603041,126.737986827757
37.4441450557361,126.737988398619
37.4446568919084,126.738382134636
37.4449411454457,126.736954213244
37.4420462118688,126.73579116049
37.4041249742789,126.736304993726
37.4045408593534,126.735648225456
37.4045408593534,126.735648225456
37.4046673713511,126.735330064271
37.4046673713511,126.735330064271
37.4048638521808,126.735356367292
37.4026729957694,126.734218041032
37.4027886045808,126.734141509094
37.4022029221283,126.733212370135
37.4022029221283,126.733212370135
37.4028692269987,126.732654666347
37.4033242119051,126.73328000116
37.4035979424095,126.73380026866
37.4042788924123,126.733662664174
37.4034003395993,126.732080718263
37.402750431791,126.730888999009
37.4025514019465,126.730495653769
37.4023728514497,126.73015385184
37.4003658903556,126.738480165083
37.4002950694868,126.738765131192
37.4001677372073,126.738838418924
37.4004068294772,126.739801979443
37.4004099826193,126.739965617859
37.4005535221379,126.739886967612
37.400647344553,126.739448775555
37.4048643564464,126.736833701345
37.4035821564955,126.725012699225
37.4045206117754,126.72584687438
37.4050887495032,126.724007617035
37.4066815281945,126.72352750228
37.4087867039233,126.724161220822
37.409081146932,126.723848392461
37.4087341642072,126.723655162843
37.4087341642072,126.723655162843
37.4076490109558,126.729316604318
37.4087588965666,126.730980008496
37.4092143705898,126.732135128237
37.4098972165873,126.733155605746
37.4035333058251,126.72369199606
37.4025590704148,126.723167905152
37.4030033272579,126.72200080851
37.4019435237739,126.720842553156
37.4160074110152,126.712533118272
37.4153232130909,126.712287669086
37.4150388296793,126.712426456809
37.4151547041972,126.713132701285
37.4154966186832,126.712975509594
37.4161347143696,126.71312241169
37.4166011496952,126.713188184921
37.4143346177731,126.713400382022
37.4136215228629,126.713127704356
37.4138375212855,126.71269266397
37.4092036892619,126.710700030436
37.408837876772,126.710442550986
37.408616745902,126.710507445696
37.4014586180252,126.71039968111
37.4021282815895,126.711073626534
37.4055791744489,126.719870256346
37.4050368899353,126.716860108272
37.4047648668447,126.716256306226
37.4050311785392,126.718241012063
37.4047312496682,126.712930401823
37.4076740844603,126.72260229308
37.4068688618984,126.72283997018
37.4066145278124,126.721507772891
37.406613974314,126.721234664852
37.4067298093337,126.721448838643
37.4073635929403,126.721643476808
37.4074984166389,126.721618580783
37.4082489834826,126.721741631252
37.4092374698286,126.722961027027
37.4085611977813,126.722705422716
37.402614524592,126.720962380964
37.4034516712081,126.722767171416
37.3920139660351,126.727422247669
37.3906678886533,126.72437148832
37.3914250850227,126.724710655846
37.3915695267541,126.724598104872
37.3914362520381,126.724437447051
37.3900513027754,126.722975747781
37.3895813496107,126.723176221864
37.3899569634382,126.723590738962
37.3920478766802,126.716627104041
37.4639479847349,126.749996760903
37.4637649937198,126.750083841775
37.4498392227173,126.750883640334
37.4504292201595,126.753858038281
37.4496773026825,126.754236498064
37.4501819266599,126.754697866786
37.4505701920681,126.754924436949
37.4512321561446,126.754659515347
37.4527071240692,126.753842210674
37.4531919758902,126.754023825275
37.4525810768405,126.754060635304
37.4522662319832,126.75387236194
37.4519641262405,126.753053300569
37.4521984552146,126.751494360173
37.4515140277047,126.752300622436
37.4514828090642,126.752968538468
37.4513067071791,126.753984001258
37.4510759849998,126.752917098026
37.4513208762772,126.752656920755
37.4513519170053,126.752033874003
37.4506272858763,126.75188708622
37.4506558489315,126.75287666438
37.4505789524905,126.754023566556
37.4511009738014,126.753968400784
37.4506906929128,126.750463339017
37.4499192413959,126.749226252116
37.4385916121636,126.74790775434
37.4391157879935,126.748865459074
37.4385801372396,126.750013828057
37.4388012730098,126.750026652135
37.4390165013034,126.749930227346
37.4343081898443,126.752381627283
37.4343772170624,126.751913506077
37.4337910999499,126.75216763349
37.4340658558149,126.751884478388
37.4335890864896,126.752121747941
37.4333231743628,126.752885413251
37.4328766341055,126.752972752346
37.4328878698643,126.752658268989
37.4331904483706,126.751292708204
37.4329311273171,126.750860481837
37.4333953614692,126.750491050784
37.4333841334507,126.751063038569
37.4338287638672,126.75054068348
37.4341966894834,126.750176424697
37.434723983931,126.750442347918
37.4346934744691,126.751228301672
37.434899508218,126.749083609535
37.4351113057944,126.749069117507
37.437266983963,126.74657885808
37.4372379498448,126.746065055528
37.4377591776342,126.74518192869
37.4374367674634,126.745169123435
37.4367828849013,126.745161171046
37.4375627799671,126.744149930475
37.4380051289719,126.744127520326
37.438043360056,126.744932599868
37.4379902784184,126.745931099255
37.4371899849884,126.746848723191
37.4351480392432,126.748293193956
37.4349143935038,126.750326351559
37.4319893770817,126.751669200036
37.4312185524362,126.752138151777
37.4306453978,126.752343866376
37.4312000707849,126.752347914285
37.4311457105979,126.752850653669
37.4305490460847,126.751340878952
37.4315501726816,126.750532879087
37.4317372168538,126.750914378912
37.4271133977325,126.761624801866
37.4276495251032,126.761234562277
37.4272175481675,126.760595903609
37.4267288548272,126.761540608899
37.4223112569641,126.728964909357
37.4221248428708,126.729085444616
37.4221391310414,126.728950956354
37.422173040742,126.728611239876
37.4217482666132,126.729303141723
37.4220612054717,126.729822251145
37.4201971558345,126.729533872695
37.4204279127237,126.730167705539
37.419484083561,126.728979391502
37.4194689448109,126.727997866444
37.4199190240896,126.728988217185
37.419591699365,126.727935289919
37.4196253382455,126.727596602202
37.4192680929935,126.727717190163
37.4190888250061,126.726716721202
37.4184123056221,126.726817799241
37.4181268179127,126.727188122269
37.4177038756564,126.726561794629
37.417196041947,126.726552683356
37.4170489307712,126.726953225282
37.4171551774829,126.726726571477
37.4179503985183,126.72769597862
37.4183240204205,126.727957159668
37.4190384460307,126.728471062479
37.4183273824694,126.72749997265
37.4165023882193,126.729231426346
37.4171570286958,126.729963339523
37.4254330428208,126.731747013877
37.4314972878621,126.717726279164
37.4322367436478,126.716970103553
37.4327408696924,126.717501169747
37.4330141841327,126.717441275611
37.4334317869819,126.717471907683
37.4331593630774,126.716548797713
37.4329264723586,126.715732205809
37.4329283653235,126.714275101957
37.4333556466622,126.714843393833
37.4335047194046,126.714227828454
37.4323832912099,126.713323672791
37.4315205656195,126.714251867531
37.4305964273977,126.715048759337
37.430928685569,126.716382646747
37.4297737253625,126.716816680463
37.4298127270607,126.715124152402
37.4298253777336,126.71465364074
37.4291569785965,126.715090708805
37.4295785897586,126.71641327448
37.4279483646468,126.715055971737
37.4279580430125,126.714511367617
37.4266715403199,126.71442248027
37.4277253112694,126.714138625036
37.4290288625318,126.714496567935
37.4290288625318,126.714496567935
37.4285755772079,126.71446541166
